[OrderedDict([('conv1.weight', tensor([[[[-0.0557,  0.0453,  0.1782,  0.1740,  0.2116],
          [-0.1565,  0.0623, -0.1483,  0.0213,  0.0743],
          [-0.1764, -0.2079, -0.0115,  0.0115, -0.1805],
          [-0.1805, -0.0924, -0.1942, -0.0729,  0.1310],
          [-0.0837,  0.1710,  0.1674,  0.1187,  0.0043]]],


        [[[-0.0018,  0.0905,  0.0078, -0.0362,  0.0639],
          [-0.0968,  0.2084,  0.0936, -0.1684,  0.1411],
          [-0.2425, -0.0750,  0.1300, -0.0506,  0.1593],
          [ 0.1191, -0.0586, -0.1108, -0.1153,  0.0047],
          [ 0.2100, -0.1094,  0.0409, -0.1063,  0.1059]]],


        [[[ 0.0714, -0.0720,  0.0747, -0.0966, -0.0406],
          [-0.1450,  0.0543, -0.0121, -0.2279, -0.2734],
          [ 0.2846,  0.1060,  0.1157,  0.0457, -0.1146],
          [ 0.3421, -0.0876, -0.0164, -0.0387,  0.1246],
          [ 0.2419,  0.2988,  0.0139, -0.0925,  0.0041]]],


        [[[-0.0011, -0.1321, -0.1279, -0.0330, -0.0961],
          [ 0.0630, -0.0286,  0.0554, -0.0450, -0.1268],
          [-0.0399,  0.0920, -0.1554, -0.0285, -0.0236],
          [-0.0183,  0.0792, -0.0936, -0.2138, -0.1966],
          [ 0.0872, -0.1163,  0.0428, -0.1907, -0.0700]]],


        [[[-0.1486, -0.1854,  0.0651,  0.0612, -0.1661],
          [ 0.1016, -0.0683, -0.1154,  0.0447,  0.0267],
          [-0.1129,  0.2071, -0.1490,  0.1592, -0.0260],
          [-0.1115, -0.1427, -0.0606, -0.2312, -0.0509],
          [ 0.0771,  0.0943,  0.0583,  0.2156,  0.0190]]],


        [[[ 0.1358, -0.0068, -0.1051, -0.2273, -0.2290],
          [-0.2085, -0.0839, -0.1649, -0.1517,  0.0319],
          [-0.2385, -0.3615, -0.3194, -0.1864,  0.1733],
          [ 0.1237, -0.0101,  0.1622,  0.2390,  0.0978],
          [ 0.4664,  0.4033,  0.2542,  0.2003, -0.0349]]],


        [[[ 0.0461,  0.0160,  0.1027,  0.0409,  0.0489],
          [-0.1644,  0.1218,  0.1388, -0.1056, -0.0654],
          [-0.0784,  0.2860,  0.3386, -0.1009, -0.2056],
          [ 0.0786,  0.2632,  0.3101,  0.1027, -0.1991],
          [-0.0769,  0.2005,  0.0794,  0.0371, -0.1129]]],


        [[[ 0.1246,  0.0910,  0.1989, -0.1051,  0.0991],
          [ 0.1597,  0.2403, -0.0803, -0.0390,  0.1306],
          [-0.1670, -0.0262,  0.0781,  0.2162,  0.2583],
          [-0.3549, -0.0762, -0.1190, -0.1875, -0.1553],
          [-0.1497,  0.0380, -0.1180, -0.2720,  0.0021]]],


        [[[ 0.0656, -0.0889, -0.0797, -0.0257,  0.0691],
          [-0.2037, -0.0147, -0.1952,  0.0089,  0.3314],
          [-0.0546, -0.1624, -0.2230,  0.0807,  0.2993],
          [ 0.0415, -0.2083, -0.2771,  0.1456,  0.3059],
          [-0.0420, -0.2289, -0.1458,  0.1199,  0.1832]]],


        [[[ 0.0269,  0.2109,  0.2244,  0.3054,  0.0509],
          [ 0.4140,  0.4642,  0.3142,  0.2651,  0.1869],
          [-0.0278, -0.2224, -0.1113,  0.0227, -0.0592],
          [-0.4281, -0.4025, -0.3110, -0.0567,  0.0019],
          [-0.2046, -0.0109, -0.2590, -0.1392,  0.0603]]]], device='cuda:0')), ('conv1.bias', tensor([-0.1989, -0.0725,  0.0221, -0.0594,  0.0712, -0.0426,  0.0491, -0.0586,
        -0.1816, -0.1036], device='cuda:0')), ('conv2.weight', tensor([[[[ 5.6981e-02, -4.5978e-02, -5.4430e-02, -1.8017e-02, -2.4014e-02],
          [-5.7918e-03, -1.3851e-02,  4.5146e-03,  1.5634e-02, -7.5093e-02],
          [-8.0180e-02, -4.1259e-02, -3.8168e-02,  1.4542e-02, -8.7653e-02],
          [ 4.7693e-02,  8.3385e-03, -9.0700e-03,  7.3680e-03, -1.1329e-02],
          [-3.5640e-02, -5.8670e-02, -4.3377e-02, -5.0522e-02, -5.7086e-02]],

         [[-1.2403e-02,  1.3796e-02, -5.5590e-02, -2.1436e-02, -1.5805e-02],
          [-2.6349e-03, -8.0810e-03,  8.5518e-02, -2.0466e-02,  4.6898e-02],
          [-1.5975e-02,  6.7937e-02,  9.2032e-02,  2.4615e-02, -1.2414e-02],
          [-4.1671e-02,  7.3710e-03,  1.1075e-01,  9.0358e-02,  4.6671e-02],
          [ 6.6891e-02,  5.3454e-02,  7.6030e-02,  6.9627e-02,  4.6278e-02]],

         [[-4.1269e-02,  6.1962e-02,  3.2589e-02, -7.0680e-02, -1.1764e-01],
          [ 1.1671e-01,  9.6799e-02,  1.2978e-01,  1.0207e-01, -7.5328e-02],
          [ 4.3371e-02,  2.1150e-02,  2.6244e-02,  3.2990e-02, -2.7005e-02],
          [-6.5797e-02, -7.0913e-02,  9.4042e-02,  1.2881e-01,  1.9033e-02],
          [-1.7372e-02,  2.1310e-03,  4.3293e-02,  9.6617e-03,  9.1562e-02]],

         ...,

         [[-1.3643e-02,  5.1047e-02, -7.8841e-02, -1.2304e-02,  2.4763e-03],
          [-3.8858e-02, -3.2764e-02, -1.2487e-02,  2.8148e-02, -2.6376e-02],
          [ 5.6283e-03,  4.0918e-02, -3.2369e-03, -7.1103e-02, -7.7396e-02],
          [-1.7336e-02,  1.7483e-02,  5.5168e-02,  2.2000e-02,  2.9289e-02],
          [ 4.4286e-02,  1.0414e-02,  8.8735e-02,  5.8690e-02,  8.5747e-02]],

         [[-4.8125e-02, -1.3612e-01, -1.1078e-01, -4.4750e-02,  1.9011e-02],
          [-5.6751e-02, -5.3411e-02, -4.9181e-02, -1.1208e-02, -1.0575e-01],
          [-1.4889e-02, -5.3922e-03, -2.7715e-02, -1.7155e-02, -9.0002e-02],
          [-1.7653e-02,  6.5925e-02,  4.3211e-02, -5.1999e-02,  4.5720e-03],
          [-5.6631e-02,  2.0880e-02, -2.7990e-04,  3.5408e-02, -1.6644e-02]],

         [[-7.1764e-02, -7.4047e-02, -3.9302e-02,  1.6579e-02,  4.9566e-02],
          [-2.2739e-03, -4.1447e-02, -7.0247e-02, -9.9435e-02, -1.1401e-01],
          [ 7.6200e-02,  1.3837e-01,  5.8342e-02, -9.9775e-02, -2.5065e-02],
          [-3.8283e-02, -1.6841e-02,  4.8227e-03, -5.2707e-02, -5.9670e-02],
          [-5.4038e-03, -4.1728e-02,  8.2613e-03,  4.3332e-02,  1.3382e-02]]],


        [[[ 7.4071e-02, -1.4874e-02, -4.0951e-02,  1.1799e-02,  3.8722e-02],
          [ 5.9503e-02, -5.2048e-02, -6.4791e-02,  9.4423e-03,  2.2205e-02],
          [-7.9249e-02,  2.3931e-02,  2.9424e-02,  6.6157e-02,  2.6927e-02],
          [-2.7109e-02, -3.4573e-02, -6.5532e-02, -1.9054e-02, -2.6903e-02],
          [-2.6707e-02,  3.1214e-02,  3.3815e-02, -4.4349e-02, -5.7324e-02]],

         [[-9.2990e-02, -2.9025e-02, -6.7527e-02, -9.5489e-02,  2.0269e-03],
          [-4.8829e-02, -1.0390e-01, -6.4596e-02, -6.0981e-02, -4.1148e-02],
          [-1.2550e-02,  6.6338e-03, -5.5328e-02, -2.5096e-03, -1.1060e-01],
          [ 2.4550e-02,  3.2598e-02, -8.2487e-02, -5.0641e-02, -7.0148e-02],
          [-6.7684e-02, -5.3188e-02, -1.8609e-02, -9.7895e-02, -4.3834e-02]],

         [[-1.4468e-01, -3.1474e-02,  4.8127e-02, -1.4943e-03, -1.4221e-02],
          [-3.5826e-02, -2.8104e-02, -3.6792e-02, -7.0018e-02, -4.6114e-02],
          [-1.0707e-01, -5.3027e-02,  1.4558e-02, -6.1751e-02, -7.6669e-02],
          [ 1.7945e-02, -6.1616e-02, -1.8961e-02, -5.3246e-02,  2.4418e-02],
          [-1.5349e-02,  2.9189e-02, -2.5226e-02, -2.7919e-02, -9.4645e-02]],

         ...,

         [[-1.1348e-02, -4.0890e-02, -5.7072e-02, -1.3626e-02, -8.0066e-02],
          [ 9.7005e-03,  1.4766e-02, -6.3881e-02, -8.6925e-02, -5.1727e-02],
          [-8.9524e-02, -6.7329e-02, -6.0891e-02, -2.1156e-02, -6.1670e-02],
          [-6.9454e-02, -2.1291e-03,  1.9905e-02, -6.0623e-03, -8.7810e-02],
          [-1.0883e-01, -7.1750e-02,  1.4318e-02, -8.2058e-02, -9.3326e-02]],

         [[ 5.3970e-02,  1.0368e-02, -7.0772e-02, -4.8724e-02, -3.4325e-02],
          [ 2.1003e-02, -7.8276e-02, -5.2508e-02, -5.7631e-02, -7.4475e-03],
          [-8.7577e-02, -2.6634e-02,  2.2487e-02, -5.0692e-02, -6.4253e-02],
          [ 2.7551e-02,  2.1667e-02, -1.4586e-02, -1.7593e-02,  2.0812e-02],
          [ 2.1459e-03, -3.5628e-03, -2.9477e-02, -6.7358e-03, -2.1330e-02]],

         [[-3.5353e-02, -1.3140e-02, -5.2943e-02, -5.2815e-02,  2.7254e-02],
          [-3.5634e-02, -9.0869e-03, -1.1690e-03,  4.3183e-02,  6.1213e-02],
          [-7.2472e-02, -6.3077e-03,  2.1242e-02, -6.8579e-02, -8.3345e-02],
          [-4.4953e-02, -6.7428e-02, -6.2822e-03,  4.9518e-02, -3.9672e-02],
          [-2.4171e-02,  5.7174e-02, -2.3134e-02, -2.2149e-03, -3.1709e-03]]],


        [[[-6.7946e-02, -2.5572e-02,  1.5401e-02, -5.0125e-02, -5.2422e-02],
          [ 2.3502e-02,  2.1377e-02, -5.7622e-03,  2.4751e-03, -6.8561e-02],
          [ 4.3242e-02,  4.4972e-02, -1.8780e-02,  4.1270e-02, -4.0740e-02],
          [ 2.5309e-02,  4.3342e-02, -7.9122e-02, -9.9446e-03, -8.2923e-03],
          [-1.2331e-03,  2.2331e-02,  2.0857e-02, -3.7614e-02, -3.2419e-02]],

         [[-3.2176e-02,  4.4633e-02,  2.3993e-02, -3.1605e-03, -1.4526e-02],
          [-3.2863e-02, -3.3752e-02, -6.7239e-02,  1.7960e-02, -8.6760e-02],
          [-3.5224e-02, -2.7848e-02,  3.7247e-02, -2.7837e-02, -7.6322e-03],
          [-6.4211e-02, -1.3439e-03, -3.7857e-02, -6.2013e-02, -5.0076e-02],
          [-5.3282e-02, -7.8271e-02, -7.1665e-02,  1.0447e-02,  3.2810e-03]],

         [[-1.3084e-01, -7.3560e-02, -1.8646e-02, -2.7664e-02, -1.5599e-02],
          [-8.4760e-02, -4.4886e-02, -3.3403e-02, -1.7117e-02, -1.0116e-01],
          [-3.3379e-02, -1.1714e-02,  7.4627e-02,  1.3910e-02, -2.5238e-02],
          [-5.2620e-02,  3.5463e-02,  3.8290e-02, -2.8844e-02, -5.7449e-02],
          [ 1.2321e-02,  2.0654e-02,  4.3447e-02, -1.0277e-02, -7.7256e-02]],

         ...,

         [[-3.8095e-02,  3.7197e-02,  1.3095e-02, -6.5429e-02, -3.2324e-02],
          [-3.5801e-02, -7.1339e-02, -1.3864e-02, -2.5238e-02,  5.2366e-02],
          [-7.8735e-02, -9.3280e-02,  2.8241e-02,  9.5649e-03, -9.5112e-02],
          [-3.1957e-02,  2.1287e-02, -5.0742e-02, -4.3442e-02, -2.4183e-02],
          [-1.7210e-02, -4.3644e-02,  4.4590e-04, -7.9490e-02,  9.0509e-03]],

         [[ 8.9408e-03,  7.4603e-03, -4.9467e-02,  2.3285e-02, -6.0660e-03],
          [ 5.4340e-02, -2.5814e-02, -4.3347e-02,  4.2367e-02, -4.8772e-02],
          [ 3.4760e-02,  3.8377e-02, -1.0089e-03,  4.5573e-02,  3.9118e-02],
          [-4.1256e-02, -5.2132e-02,  2.9375e-02,  3.5975e-02, -3.5581e-02],
          [-8.0776e-03,  2.4011e-02, -4.3126e-02, -3.5008e-02,  1.0489e-02]],

         [[ 2.1447e-03,  3.2286e-02,  3.1928e-02, -4.9197e-02,  5.6850e-03],
          [-5.6345e-02,  4.7989e-02, -6.3461e-02, -3.2001e-02,  1.8725e-02],
          [-6.0800e-02, -5.7585e-02,  3.0695e-02, -5.5397e-02, -1.6696e-02],
          [-5.8365e-02,  5.1325e-02, -1.4276e-03, -3.3246e-02, -2.1617e-02],
          [-2.1687e-02, -6.6199e-02, -5.1441e-02, -7.8207e-02,  2.3454e-02]]],


        ...,


        [[[-5.1672e-02,  2.0887e-02, -6.6758e-02,  6.1737e-04, -1.5411e-03],
          [ 6.0325e-03,  1.7569e-02, -2.8249e-02, -6.3016e-02, -4.9141e-02],
          [-2.3108e-02, -5.9379e-02,  7.9715e-03,  2.9403e-02,  3.0303e-02],
          [ 3.5237e-02,  1.0223e-02,  8.6307e-02, -3.5425e-02,  1.3289e-03],
          [-7.2673e-02, -4.1837e-02,  5.8629e-02, -8.2583e-03, -8.4248e-02]],

         [[-6.9855e-02,  2.9914e-02,  4.0819e-02, -2.9574e-02, -2.3931e-02],
          [ 2.1876e-02,  3.9923e-02,  3.1206e-02, -1.5387e-02,  3.3867e-02],
          [-4.0973e-02, -4.1179e-02,  4.8652e-02, -6.1829e-02,  2.2249e-02],
          [-4.2807e-02, -4.5087e-02,  2.3877e-02, -1.3593e-02,  9.8508e-03],
          [-1.9141e-03,  2.2508e-02,  1.4138e-02,  4.5281e-02, -5.8285e-02]],

         [[ 2.9064e-02,  2.8291e-02, -3.1682e-02, -3.8636e-02, -3.6269e-02],
          [ 3.3806e-02, -1.2958e-02,  6.6324e-02, -8.8383e-02,  2.9367e-02],
          [ 2.0799e-02, -1.7338e-02,  4.2135e-02,  1.5760e-02, -7.8864e-02],
          [ 1.8427e-02, -3.0029e-02,  1.4036e-02,  1.3673e-02, -5.2507e-02],
          [-7.6324e-02,  1.4018e-02, -3.7837e-02, -6.9451e-02, -7.8733e-02]],

         ...,

         [[ 1.9996e-02, -3.2581e-03, -1.2046e-02, -8.5664e-03, -1.8469e-02],
          [-4.1736e-02, -5.0612e-03,  8.0151e-04, -5.6278e-02,  4.4984e-02],
          [ 5.8838e-02,  2.4042e-02,  4.9980e-02, -1.9909e-02,  3.3753e-03],
          [ 5.4315e-02,  4.6413e-02, -3.3544e-02,  7.4004e-02, -2.6550e-02],
          [-3.9015e-02,  3.4476e-02,  2.3114e-02, -6.4172e-02, -2.3294e-02]],

         [[ 1.6411e-02, -4.2033e-02, -9.6849e-03, -3.3939e-02, -5.8659e-02],
          [ 3.3823e-02,  2.8469e-02, -3.4354e-02,  1.7088e-02, -2.3689e-02],
          [-7.0469e-02,  2.5154e-02,  5.8768e-02,  3.2789e-02, -4.5552e-02],
          [-5.9216e-02, -6.9441e-02,  2.0056e-02, -2.7305e-02,  7.0350e-03],
          [ 3.1504e-02,  2.2353e-02,  3.5837e-02, -4.3164e-02,  2.3648e-02]],

         [[ 2.2600e-02, -3.1550e-02,  3.9225e-03,  8.7491e-03, -2.0651e-02],
          [-6.0884e-03,  5.5832e-02,  2.9763e-02, -3.4384e-03,  1.0143e-03],
          [ 2.2610e-02,  2.7367e-02,  1.1540e-03, -7.2253e-02, -4.6170e-02],
          [-3.1841e-02,  2.6525e-02,  2.8942e-02, -3.0394e-02,  5.7786e-02],
          [ 1.6608e-02, -3.2975e-02, -8.5652e-02,  5.1158e-02,  4.4194e-03]]],


        [[[ 2.3307e-02,  3.7450e-02, -3.9805e-02, -4.0267e-02, -6.6000e-02],
          [-3.3296e-03, -5.4914e-02, -3.6023e-02, -2.7396e-02,  2.2296e-02],
          [ 4.0405e-02, -4.0002e-02,  3.0980e-02, -5.4984e-02, -5.7886e-02],
          [ 4.0110e-02,  4.3432e-03, -3.1456e-02, -3.7388e-02, -1.8680e-02],
          [-5.2043e-02,  1.3083e-02, -4.4687e-02,  2.4835e-02, -3.0128e-02]],

         [[-2.0298e-02, -6.3427e-02, -1.8915e-02, -8.1155e-03,  3.8844e-02],
          [ 1.2495e-02,  4.2100e-02,  4.9934e-02, -3.5133e-02, -3.3677e-02],
          [-1.9996e-02, -5.7898e-02, -3.0755e-02, -5.9584e-02, -6.4262e-02],
          [ 8.2350e-06, -6.4717e-02, -5.7460e-02, -5.1694e-02, -1.2119e-02],
          [ 4.5600e-02, -2.7346e-02, -2.6289e-02, -5.5733e-02, -3.0180e-02]],

         [[ 3.2145e-02, -5.5804e-02, -4.9445e-02, -1.0372e-04, -7.2675e-02],
          [-4.2948e-02, -3.3390e-02, -2.6748e-02, -5.3678e-02,  4.1046e-03],
          [ 1.9004e-02, -4.7528e-02, -5.5196e-02, -2.0774e-02, -3.6255e-02],
          [-5.5225e-02, -9.2193e-02, -1.9698e-02,  1.5314e-02,  1.0125e-02],
          [ 2.8368e-02,  1.8912e-02,  1.9762e-03,  5.0724e-02, -1.2228e-02]],

         ...,

         [[ 1.1779e-03, -7.6252e-02,  2.9664e-02, -3.3096e-02,  1.9188e-03],
          [ 3.3512e-02, -5.2194e-02,  6.6063e-02, -5.7719e-02, -3.3843e-02],
          [ 1.6820e-02,  2.1340e-02,  1.3963e-02, -2.8282e-02,  1.8162e-02],
          [ 3.8560e-02, -3.7358e-03, -5.2523e-02, -7.8397e-02, -9.1172e-03],
          [-5.4619e-02, -6.2330e-02, -3.5352e-02, -5.1495e-02,  7.2770e-02]],

         [[-6.5992e-02, -5.9257e-02,  2.7619e-02,  2.9658e-02,  5.1264e-03],
          [-7.4963e-02,  1.0265e-03, -3.9635e-02, -1.8575e-02, -6.2718e-02],
          [-2.5263e-02, -8.4215e-02,  6.0681e-02,  8.4963e-03, -7.7510e-03],
          [ 1.6418e-02,  1.5445e-02, -4.7924e-02, -3.8356e-03,  1.3927e-03],
          [-2.4287e-02,  4.1366e-04,  2.5385e-02, -7.9146e-02, -1.8370e-02]],

         [[ 1.1883e-02, -6.0407e-03, -3.0125e-02, -4.8689e-03,  9.5907e-03],
          [-1.6347e-02, -1.9573e-02,  1.3089e-03, -6.7656e-02,  2.5138e-02],
          [-2.1064e-02,  2.0288e-02,  1.0523e-02,  7.3692e-03,  5.5008e-02],
          [-6.7048e-02, -2.4220e-02,  4.3022e-02,  1.3436e-02, -1.5628e-02],
          [ 1.3200e-02,  2.9717e-02,  6.7661e-02,  2.1397e-02,  3.0461e-02]]],


        [[[-1.1870e-02, -5.7824e-02, -4.6706e-02, -8.0556e-02, -8.0605e-02],
          [-4.0085e-03, -3.0378e-02,  3.4609e-02,  3.3452e-02,  1.8554e-02],
          [-6.6824e-02, -5.4180e-02,  7.8002e-03, -7.4087e-02, -9.6214e-02],
          [-1.3760e-02, -6.0106e-02, -3.2667e-02, -5.6404e-02, -2.9531e-02],
          [-4.6228e-02, -5.6653e-02, -1.5299e-02, -1.5977e-02, -6.6532e-02]],

         [[-1.4091e-02, -3.2551e-02, -5.4980e-02, -4.2502e-02, -2.2686e-02],
          [-4.3871e-02, -4.9721e-02,  3.2819e-02, -3.7839e-02, -4.4160e-02],
          [-4.5254e-02, -2.7394e-02, -5.0635e-02, -9.7269e-02,  4.3587e-02],
          [-6.3445e-02, -7.7737e-02, -6.6659e-02, -3.0223e-02, -5.9423e-02],
          [-1.9602e-03, -9.7874e-02,  1.3371e-02, -1.4794e-02, -1.2539e-02]],

         [[-5.7456e-02, -7.4058e-02, -4.9343e-02, -6.9458e-03,  6.0750e-03],
          [ 1.2224e-02, -8.8709e-02, -3.4111e-02, -8.2459e-02,  1.9431e-02],
          [ 2.5740e-02, -6.7142e-02, -6.3515e-02, -2.3266e-02, -4.4630e-02],
          [ 2.1979e-02, -8.6235e-02, -1.4948e-01, -1.2938e-01, -1.1198e-01],
          [ 1.1428e-02, -1.0525e-01, -1.0346e-01, -3.1035e-02, -7.3492e-02]],

         ...,

         [[-3.9192e-02,  3.8524e-02, -5.4302e-02, -8.5936e-02,  1.0776e-02],
          [ 2.4405e-02,  2.0186e-02, -5.3730e-02, -8.4624e-02, -4.7495e-02],
          [-8.2596e-02,  1.5677e-03,  3.4903e-02, -5.0002e-02,  8.7677e-02],
          [-2.4505e-02, -7.2592e-03, -3.9741e-02, -8.7433e-02,  5.2513e-02],
          [ 3.4669e-02, -3.5538e-02, -2.3265e-02, -9.2851e-02, -1.1343e-01]],

         [[ 5.5042e-03, -2.8753e-02,  2.8266e-02, -2.2135e-03,  5.7819e-03],
          [-9.7984e-02, -7.9986e-02,  6.8863e-02, -2.0207e-02, -5.2176e-02],
          [-5.8373e-02, -1.0548e-01, -3.0103e-02,  1.9314e-02, -4.0148e-03],
          [ 8.2690e-03, -1.1471e-01, -2.0852e-02, -5.5591e-02, -3.9070e-03],
          [ 5.5026e-03,  2.3355e-02, -9.0830e-02, -5.6222e-02, -4.0206e-02]],

         [[ 1.0415e-02, -2.2674e-02,  4.2849e-02, -8.2986e-03,  5.3819e-02],
          [-7.1527e-02, -4.1558e-02, -5.6907e-02,  1.9218e-02, -6.6927e-02],
          [-1.5764e-02, -6.8483e-02, -2.0016e-02,  2.6662e-02,  7.4178e-02],
          [ 2.8291e-02,  6.3416e-02,  5.7704e-02,  1.6408e-02,  2.0876e-02],
          [ 3.1692e-02,  3.8062e-02, -6.3560e-02,  3.1665e-03, -2.7679e-02]]]],
       device='cuda:0')), ('conv2.bias', tensor([ 0.0446,  0.0027, -0.0610, -0.0361, -0.0754, -0.0482, -0.0131, -0.1116,
        -0.0061, -0.0469,  0.0291, -0.0669, -0.1074,  0.0533, -0.0280,  0.0294,
         0.0101, -0.0877, -0.0518, -0.0920], device='cuda:0')), ('fc1.weight', tensor([[-0.0038,  0.0032,  0.0683,  ...,  0.0051,  0.0380,  0.0252],
        [ 0.0717, -0.0162,  0.0043,  ..., -0.0117, -0.0144,  0.0024],
        [ 0.0358,  0.0133, -0.0146,  ..., -0.0490,  0.0063, -0.0006],
        ...,
        [ 0.0040, -0.0093, -0.1495,  ...,  0.0162,  0.1063,  0.0583],
        [-0.0213,  0.0522,  0.0521,  ...,  0.0305,  0.0377, -0.0530],
        [ 0.0133,  0.0977, -0.0193,  ..., -0.0917, -0.0717, -0.0256]],
       device='cuda:0')), ('fc1.bias', tensor([ 9.7725e-02, -2.1794e-02,  2.5179e-01,  2.5550e-01,  3.0882e-01,
        -3.9768e-02,  2.0461e-01,  1.8514e-01,  3.1286e-02, -1.2061e-01,
         2.8303e-01,  6.3159e-01, -3.9808e-02,  1.6767e-01, -5.2088e-04,
         1.0845e-01,  1.7507e-01, -6.7996e-03,  6.0124e-03,  2.2110e-01],
       device='cuda:0')), ('fc2.weight', tensor([[-1.9912e-01,  2.6352e-01, -1.0103e-01,  1.1368e-01, -5.4264e-02,
         -3.1072e-01,  1.3168e-01, -8.2012e-02,  3.0856e-01,  1.0443e-01,
         -2.3387e-01, -1.5244e-01,  3.9594e-01,  1.0650e-01,  2.0664e-02,
         -7.2191e-02, -4.1162e-01, -2.5590e-01,  7.5025e-02, -2.0403e-01],
        [ 2.9354e-02, -2.3255e-01, -2.0893e-01,  1.0720e-01, -5.2861e-02,
         -2.5966e-01, -4.8338e-02, -2.0138e-01, -1.0946e-01, -9.2467e-03,
          2.1060e-01,  6.9450e-01, -1.0657e-02,  4.1690e-02, -4.1108e-02,
         -1.4935e-01, -1.3685e-01, -1.7449e-01, -1.4704e-01, -6.6164e-02],
        [ 1.4433e-01, -2.5678e-01, -2.4685e-01, -3.8016e-02,  3.2123e-01,
          1.3491e-01, -9.3051e-02,  3.9526e-01,  1.5338e-01,  8.6273e-03,
          1.1208e-01,  1.4486e-01, -4.3159e-01, -3.4847e-02,  1.1897e-01,
         -2.7725e-02, -1.0758e-01,  2.3729e-01, -1.1332e-01, -3.8597e-01],
        [-3.2605e-01, -7.7491e-02, -2.5270e-01, -1.3801e-02, -1.2089e-01,
         -1.8592e-01,  2.9929e-01, -2.1625e-01, -3.4153e-01, -2.2435e-01,
         -1.9435e-01, -6.7348e-02, -2.5767e-01, -1.5979e-01,  2.5190e-01,
          5.5041e-01,  2.1228e-01, -1.7334e-04,  1.7097e-01,  1.8840e-01],
        [-3.0635e-01, -4.8568e-02, -1.7558e-01,  4.5152e-01, -2.0299e-01,
          5.1360e-02, -3.2773e-01, -2.8510e-01,  2.8420e-01,  8.1512e-02,
          2.9358e-01, -2.1114e-01, -3.2930e-02,  1.4038e-01,  1.5202e-01,
         -3.2463e-01,  1.2005e-01,  4.1403e-01,  3.1301e-01,  4.0482e-03],
        [ 5.5147e-03, -3.2700e-01,  5.9452e-01,  2.0824e-01,  5.8132e-01,
         -7.3239e-02, -1.3302e-02, -3.3276e-01, -3.5648e-01, -9.7443e-02,
         -2.7217e-01,  8.6819e-02,  5.0281e-02,  6.4789e-02, -9.5005e-02,
         -5.8370e-02,  2.6174e-01,  9.1615e-02, -2.2463e-01,  7.8472e-02],
        [ 2.1870e-02,  2.9321e-01, -9.4333e-02, -2.7871e-01,  5.0558e-03,
         -2.5037e-01, -2.4542e-01,  3.0649e-01, -2.1064e-01,  1.2057e-01,
         -7.1935e-02, -9.1945e-02,  3.4555e-01,  2.7184e-02, -2.7618e-01,
         -3.1935e-01,  2.1620e-03,  3.7172e-01, -1.2222e-01, -6.1269e-03],
        [-5.4582e-02, -6.7711e-02,  4.9699e-02,  4.5510e-01,  1.1707e-01,
          1.1224e-01,  4.3038e-01,  8.1988e-02, -9.8984e-02,  5.2778e-02,
          3.1908e-01,  4.1751e-01, -2.5988e-01,  4.7290e-01, -1.1234e-01,
         -6.6978e-02, -2.2601e-01, -1.2816e-01,  1.5295e-01,  2.3011e-01],
        [ 2.1470e-01,  2.1832e-01,  2.4776e-01, -1.4681e-01, -2.1091e-01,
          3.5602e-02, -3.6559e-02, -1.1000e-01,  1.7956e-01,  4.0512e-02,
          1.0690e-01, -1.3628e-02,  9.6777e-02, -1.5524e-01,  1.4390e-01,
         -3.7935e-02,  3.4503e-01, -2.3548e-01,  8.3917e-02,  4.6439e-01],
        [-1.0439e-01, -2.9783e-01, -8.2609e-02,  3.2043e-01, -2.8971e-01,
          2.9898e-01,  3.9169e-01,  1.0019e-01, -1.9448e-02, -1.6001e-01,
         -2.3207e-01,  1.5328e-02,  1.0002e-01, -2.6225e-02, -1.7019e-01,
         -2.8765e-01,  3.4301e-01, -1.8253e-01,  1.9760e-01, -5.7969e-02]],
       device='cuda:0')), ('fc2.bias', tensor([-0.2771,  0.1113,  0.0464, -0.2512, -0.1943,  0.2058, -0.2971,  0.7228,
         0.3266, -0.1974], device='cuda:0'))]), OrderedDict([('conv1.weight', tensor([[[[-0.0557,  0.0453,  0.1782,  0.1740,  0.2116],
          [-0.1565,  0.0623, -0.1483,  0.0213,  0.0743],
          [-0.1764, -0.2079, -0.0115,  0.0115, -0.1805],
          [-0.1805, -0.0924, -0.1942, -0.0729,  0.1310],
          [-0.0837,  0.1710,  0.1674,  0.1187,  0.0043]]],


        [[[-0.0018,  0.0905,  0.0078, -0.0362,  0.0639],
          [-0.0968,  0.2084,  0.0936, -0.1684,  0.1411],
          [-0.2425, -0.0750,  0.1300, -0.0506,  0.1593],
          [ 0.1191, -0.0586, -0.1108, -0.1153,  0.0047],
          [ 0.2100, -0.1094,  0.0409, -0.1063,  0.1059]]],


        [[[ 0.0714, -0.0720,  0.0747, -0.0966, -0.0406],
          [-0.1450,  0.0543, -0.0121, -0.2279, -0.2734],
          [ 0.2846,  0.1060,  0.1157,  0.0457, -0.1146],
          [ 0.3421, -0.0876, -0.0164, -0.0387,  0.1246],
          [ 0.2419,  0.2988,  0.0139, -0.0925,  0.0041]]],


        [[[-0.0011, -0.1321, -0.1279, -0.0330, -0.0961],
          [ 0.0630, -0.0286,  0.0554, -0.0450, -0.1268],
          [-0.0399,  0.0920, -0.1554, -0.0285, -0.0236],
          [-0.0183,  0.0792, -0.0936, -0.2138, -0.1966],
          [ 0.0872, -0.1163,  0.0428, -0.1907, -0.0700]]],


        [[[-0.1486, -0.1854,  0.0651,  0.0612, -0.1661],
          [ 0.1016, -0.0683, -0.1154,  0.0447,  0.0267],
          [-0.1129,  0.2071, -0.1490,  0.1592, -0.0260],
          [-0.1115, -0.1427, -0.0606, -0.2312, -0.0509],
          [ 0.0771,  0.0943,  0.0583,  0.2156,  0.0190]]],


        [[[ 0.1358, -0.0068, -0.1051, -0.2273, -0.2290],
          [-0.2085, -0.0839, -0.1649, -0.1517,  0.0319],
          [-0.2385, -0.3615, -0.3194, -0.1864,  0.1733],
          [ 0.1237, -0.0101,  0.1622,  0.2390,  0.0978],
          [ 0.4664,  0.4033,  0.2542,  0.2003, -0.0349]]],


        [[[ 0.0461,  0.0160,  0.1027,  0.0409,  0.0489],
          [-0.1644,  0.1218,  0.1388, -0.1056, -0.0654],
          [-0.0784,  0.2860,  0.3386, -0.1009, -0.2056],
          [ 0.0786,  0.2632,  0.3101,  0.1027, -0.1991],
          [-0.0769,  0.2005,  0.0794,  0.0371, -0.1129]]],


        [[[ 0.1246,  0.0910,  0.1989, -0.1051,  0.0991],
          [ 0.1597,  0.2403, -0.0803, -0.0390,  0.1306],
          [-0.1670, -0.0262,  0.0781,  0.2162,  0.2583],
          [-0.3549, -0.0762, -0.1190, -0.1875, -0.1553],
          [-0.1497,  0.0380, -0.1180, -0.2720,  0.0021]]],


        [[[ 0.0656, -0.0889, -0.0797, -0.0257,  0.0691],
          [-0.2037, -0.0147, -0.1952,  0.0089,  0.3314],
          [-0.0546, -0.1624, -0.2230,  0.0807,  0.2993],
          [ 0.0415, -0.2083, -0.2771,  0.1456,  0.3059],
          [-0.0420, -0.2289, -0.1458,  0.1199,  0.1832]]],


        [[[ 0.0269,  0.2109,  0.2244,  0.3054,  0.0509],
          [ 0.4140,  0.4642,  0.3142,  0.2651,  0.1869],
          [-0.0278, -0.2224, -0.1113,  0.0227, -0.0592],
          [-0.4281, -0.4025, -0.3110, -0.0567,  0.0019],
          [-0.2046, -0.0109, -0.2590, -0.1392,  0.0603]]]], device='cuda:0')), ('conv1.bias', tensor([-0.1989, -0.0725,  0.0221, -0.0594,  0.0712, -0.0426,  0.0491, -0.0586,
        -0.1816, -0.1036], device='cuda:0')), ('conv2.weight', tensor([[[[ 5.6981e-02, -4.5978e-02, -5.4430e-02, -1.8017e-02, -2.4014e-02],
          [-5.7918e-03, -1.3851e-02,  4.5146e-03,  1.5634e-02, -7.5093e-02],
          [-8.0180e-02, -4.1259e-02, -3.8168e-02,  1.4542e-02, -8.7653e-02],
          [ 4.7693e-02,  8.3385e-03, -9.0700e-03,  7.3680e-03, -1.1329e-02],
          [-3.5640e-02, -5.8670e-02, -4.3377e-02, -5.0522e-02, -5.7086e-02]],

         [[-1.2403e-02,  1.3796e-02, -5.5590e-02, -2.1436e-02, -1.5805e-02],
          [-2.6349e-03, -8.0810e-03,  8.5518e-02, -2.0466e-02,  4.6898e-02],
          [-1.5975e-02,  6.7937e-02,  9.2032e-02,  2.4615e-02, -1.2414e-02],
          [-4.1671e-02,  7.3710e-03,  1.1075e-01,  9.0358e-02,  4.6671e-02],
          [ 6.6891e-02,  5.3454e-02,  7.6030e-02,  6.9627e-02,  4.6278e-02]],

         [[-4.1269e-02,  6.1962e-02,  3.2589e-02, -7.0680e-02, -1.1764e-01],
          [ 1.1671e-01,  9.6799e-02,  1.2978e-01,  1.0207e-01, -7.5328e-02],
          [ 4.3371e-02,  2.1150e-02,  2.6244e-02,  3.2990e-02, -2.7005e-02],
          [-6.5797e-02, -7.0913e-02,  9.4042e-02,  1.2881e-01,  1.9033e-02],
          [-1.7372e-02,  2.1310e-03,  4.3293e-02,  9.6617e-03,  9.1562e-02]],

         ...,

         [[-1.3643e-02,  5.1047e-02, -7.8841e-02, -1.2304e-02,  2.4763e-03],
          [-3.8858e-02, -3.2764e-02, -1.2487e-02,  2.8148e-02, -2.6376e-02],
          [ 5.6283e-03,  4.0918e-02, -3.2369e-03, -7.1103e-02, -7.7396e-02],
          [-1.7336e-02,  1.7483e-02,  5.5168e-02,  2.2000e-02,  2.9289e-02],
          [ 4.4286e-02,  1.0414e-02,  8.8735e-02,  5.8690e-02,  8.5747e-02]],

         [[-4.8125e-02, -1.3612e-01, -1.1078e-01, -4.4750e-02,  1.9011e-02],
          [-5.6751e-02, -5.3411e-02, -4.9181e-02, -1.1208e-02, -1.0575e-01],
          [-1.4889e-02, -5.3922e-03, -2.7715e-02, -1.7155e-02, -9.0002e-02],
          [-1.7653e-02,  6.5925e-02,  4.3211e-02, -5.1999e-02,  4.5720e-03],
          [-5.6631e-02,  2.0880e-02, -2.7990e-04,  3.5408e-02, -1.6644e-02]],

         [[-7.1764e-02, -7.4047e-02, -3.9302e-02,  1.6579e-02,  4.9566e-02],
          [-2.2739e-03, -4.1447e-02, -7.0247e-02, -9.9435e-02, -1.1401e-01],
          [ 7.6200e-02,  1.3837e-01,  5.8342e-02, -9.9775e-02, -2.5065e-02],
          [-3.8283e-02, -1.6841e-02,  4.8227e-03, -5.2707e-02, -5.9670e-02],
          [-5.4038e-03, -4.1728e-02,  8.2613e-03,  4.3332e-02,  1.3382e-02]]],


        [[[ 7.4071e-02, -1.4874e-02, -4.0951e-02,  1.1799e-02,  3.8722e-02],
          [ 5.9503e-02, -5.2048e-02, -6.4791e-02,  9.4423e-03,  2.2205e-02],
          [-7.9249e-02,  2.3931e-02,  2.9424e-02,  6.6157e-02,  2.6927e-02],
          [-2.7109e-02, -3.4573e-02, -6.5532e-02, -1.9054e-02, -2.6903e-02],
          [-2.6707e-02,  3.1214e-02,  3.3815e-02, -4.4349e-02, -5.7324e-02]],

         [[-9.2990e-02, -2.9025e-02, -6.7527e-02, -9.5489e-02,  2.0269e-03],
          [-4.8829e-02, -1.0390e-01, -6.4596e-02, -6.0981e-02, -4.1148e-02],
          [-1.2550e-02,  6.6338e-03, -5.5328e-02, -2.5096e-03, -1.1060e-01],
          [ 2.4550e-02,  3.2598e-02, -8.2487e-02, -5.0641e-02, -7.0148e-02],
          [-6.7684e-02, -5.3188e-02, -1.8609e-02, -9.7895e-02, -4.3834e-02]],

         [[-1.4468e-01, -3.1474e-02,  4.8127e-02, -1.4943e-03, -1.4221e-02],
          [-3.5826e-02, -2.8104e-02, -3.6792e-02, -7.0018e-02, -4.6114e-02],
          [-1.0707e-01, -5.3027e-02,  1.4558e-02, -6.1751e-02, -7.6669e-02],
          [ 1.7945e-02, -6.1616e-02, -1.8961e-02, -5.3246e-02,  2.4418e-02],
          [-1.5349e-02,  2.9189e-02, -2.5226e-02, -2.7919e-02, -9.4645e-02]],

         ...,

         [[-1.1348e-02, -4.0890e-02, -5.7072e-02, -1.3626e-02, -8.0066e-02],
          [ 9.7005e-03,  1.4766e-02, -6.3881e-02, -8.6925e-02, -5.1727e-02],
          [-8.9524e-02, -6.7329e-02, -6.0891e-02, -2.1156e-02, -6.1670e-02],
          [-6.9454e-02, -2.1291e-03,  1.9905e-02, -6.0623e-03, -8.7810e-02],
          [-1.0883e-01, -7.1750e-02,  1.4318e-02, -8.2058e-02, -9.3326e-02]],

         [[ 5.3970e-02,  1.0368e-02, -7.0772e-02, -4.8724e-02, -3.4325e-02],
          [ 2.1003e-02, -7.8276e-02, -5.2508e-02, -5.7631e-02, -7.4475e-03],
          [-8.7577e-02, -2.6634e-02,  2.2487e-02, -5.0692e-02, -6.4253e-02],
          [ 2.7551e-02,  2.1667e-02, -1.4586e-02, -1.7593e-02,  2.0812e-02],
          [ 2.1459e-03, -3.5628e-03, -2.9477e-02, -6.7358e-03, -2.1330e-02]],

         [[-3.5353e-02, -1.3140e-02, -5.2943e-02, -5.2815e-02,  2.7254e-02],
          [-3.5634e-02, -9.0869e-03, -1.1690e-03,  4.3183e-02,  6.1213e-02],
          [-7.2472e-02, -6.3077e-03,  2.1242e-02, -6.8579e-02, -8.3345e-02],
          [-4.4953e-02, -6.7428e-02, -6.2822e-03,  4.9518e-02, -3.9672e-02],
          [-2.4171e-02,  5.7174e-02, -2.3134e-02, -2.2149e-03, -3.1709e-03]]],


        [[[-6.7946e-02, -2.5572e-02,  1.5401e-02, -5.0125e-02, -5.2422e-02],
          [ 2.3502e-02,  2.1377e-02, -5.7622e-03,  2.4751e-03, -6.8561e-02],
          [ 4.3242e-02,  4.4972e-02, -1.8780e-02,  4.1270e-02, -4.0740e-02],
          [ 2.5309e-02,  4.3342e-02, -7.9122e-02, -9.9446e-03, -8.2923e-03],
          [-1.2331e-03,  2.2331e-02,  2.0857e-02, -3.7614e-02, -3.2419e-02]],

         [[-3.2176e-02,  4.4633e-02,  2.3993e-02, -3.1605e-03, -1.4526e-02],
          [-3.2863e-02, -3.3752e-02, -6.7239e-02,  1.7960e-02, -8.6760e-02],
          [-3.5224e-02, -2.7848e-02,  3.7247e-02, -2.7837e-02, -7.6322e-03],
          [-6.4211e-02, -1.3439e-03, -3.7857e-02, -6.2013e-02, -5.0076e-02],
          [-5.3282e-02, -7.8271e-02, -7.1665e-02,  1.0447e-02,  3.2810e-03]],

         [[-1.3084e-01, -7.3560e-02, -1.8646e-02, -2.7664e-02, -1.5599e-02],
          [-8.4760e-02, -4.4886e-02, -3.3403e-02, -1.7117e-02, -1.0116e-01],
          [-3.3379e-02, -1.1714e-02,  7.4627e-02,  1.3910e-02, -2.5238e-02],
          [-5.2620e-02,  3.5463e-02,  3.8290e-02, -2.8844e-02, -5.7449e-02],
          [ 1.2321e-02,  2.0654e-02,  4.3447e-02, -1.0277e-02, -7.7256e-02]],

         ...,

         [[-3.8095e-02,  3.7197e-02,  1.3095e-02, -6.5429e-02, -3.2324e-02],
          [-3.5801e-02, -7.1339e-02, -1.3864e-02, -2.5238e-02,  5.2366e-02],
          [-7.8735e-02, -9.3280e-02,  2.8241e-02,  9.5649e-03, -9.5112e-02],
          [-3.1957e-02,  2.1287e-02, -5.0742e-02, -4.3442e-02, -2.4183e-02],
          [-1.7210e-02, -4.3644e-02,  4.4590e-04, -7.9490e-02,  9.0509e-03]],

         [[ 8.9408e-03,  7.4603e-03, -4.9467e-02,  2.3285e-02, -6.0660e-03],
          [ 5.4340e-02, -2.5814e-02, -4.3347e-02,  4.2367e-02, -4.8772e-02],
          [ 3.4760e-02,  3.8377e-02, -1.0089e-03,  4.5573e-02,  3.9118e-02],
          [-4.1256e-02, -5.2132e-02,  2.9375e-02,  3.5975e-02, -3.5581e-02],
          [-8.0776e-03,  2.4011e-02, -4.3126e-02, -3.5008e-02,  1.0489e-02]],

         [[ 2.1447e-03,  3.2286e-02,  3.1928e-02, -4.9197e-02,  5.6850e-03],
          [-5.6345e-02,  4.7989e-02, -6.3461e-02, -3.2001e-02,  1.8725e-02],
          [-6.0800e-02, -5.7585e-02,  3.0695e-02, -5.5397e-02, -1.6696e-02],
          [-5.8365e-02,  5.1325e-02, -1.4276e-03, -3.3246e-02, -2.1617e-02],
          [-2.1687e-02, -6.6199e-02, -5.1441e-02, -7.8207e-02,  2.3454e-02]]],


        ...,


        [[[-5.1672e-02,  2.0887e-02, -6.6758e-02,  6.1737e-04, -1.5411e-03],
          [ 6.0325e-03,  1.7569e-02, -2.8249e-02, -6.3016e-02, -4.9141e-02],
          [-2.3108e-02, -5.9379e-02,  7.9715e-03,  2.9403e-02,  3.0303e-02],
          [ 3.5237e-02,  1.0223e-02,  8.6307e-02, -3.5425e-02,  1.3289e-03],
          [-7.2673e-02, -4.1837e-02,  5.8629e-02, -8.2583e-03, -8.4248e-02]],

         [[-6.9855e-02,  2.9914e-02,  4.0819e-02, -2.9574e-02, -2.3931e-02],
          [ 2.1876e-02,  3.9923e-02,  3.1206e-02, -1.5387e-02,  3.3867e-02],
          [-4.0973e-02, -4.1179e-02,  4.8652e-02, -6.1829e-02,  2.2249e-02],
          [-4.2807e-02, -4.5087e-02,  2.3877e-02, -1.3593e-02,  9.8508e-03],
          [-1.9141e-03,  2.2508e-02,  1.4138e-02,  4.5281e-02, -5.8285e-02]],

         [[ 2.9064e-02,  2.8291e-02, -3.1682e-02, -3.8636e-02, -3.6269e-02],
          [ 3.3806e-02, -1.2958e-02,  6.6324e-02, -8.8383e-02,  2.9367e-02],
          [ 2.0799e-02, -1.7338e-02,  4.2135e-02,  1.5760e-02, -7.8864e-02],
          [ 1.8427e-02, -3.0029e-02,  1.4036e-02,  1.3673e-02, -5.2507e-02],
          [-7.6324e-02,  1.4018e-02, -3.7837e-02, -6.9451e-02, -7.8733e-02]],

         ...,

         [[ 1.9996e-02, -3.2581e-03, -1.2046e-02, -8.5664e-03, -1.8469e-02],
          [-4.1736e-02, -5.0612e-03,  8.0151e-04, -5.6278e-02,  4.4984e-02],
          [ 5.8838e-02,  2.4042e-02,  4.9980e-02, -1.9909e-02,  3.3753e-03],
          [ 5.4315e-02,  4.6413e-02, -3.3544e-02,  7.4004e-02, -2.6550e-02],
          [-3.9015e-02,  3.4476e-02,  2.3114e-02, -6.4172e-02, -2.3294e-02]],

         [[ 1.6411e-02, -4.2033e-02, -9.6849e-03, -3.3939e-02, -5.8659e-02],
          [ 3.3823e-02,  2.8469e-02, -3.4354e-02,  1.7088e-02, -2.3689e-02],
          [-7.0469e-02,  2.5154e-02,  5.8768e-02,  3.2789e-02, -4.5552e-02],
          [-5.9216e-02, -6.9441e-02,  2.0056e-02, -2.7305e-02,  7.0350e-03],
          [ 3.1504e-02,  2.2353e-02,  3.5837e-02, -4.3164e-02,  2.3648e-02]],

         [[ 2.2600e-02, -3.1550e-02,  3.9225e-03,  8.7491e-03, -2.0651e-02],
          [-6.0884e-03,  5.5832e-02,  2.9763e-02, -3.4384e-03,  1.0143e-03],
          [ 2.2610e-02,  2.7367e-02,  1.1540e-03, -7.2253e-02, -4.6170e-02],
          [-3.1841e-02,  2.6525e-02,  2.8942e-02, -3.0394e-02,  5.7786e-02],
          [ 1.6608e-02, -3.2975e-02, -8.5652e-02,  5.1158e-02,  4.4194e-03]]],


        [[[ 2.3307e-02,  3.7450e-02, -3.9805e-02, -4.0267e-02, -6.6000e-02],
          [-3.3296e-03, -5.4914e-02, -3.6023e-02, -2.7396e-02,  2.2296e-02],
          [ 4.0405e-02, -4.0002e-02,  3.0980e-02, -5.4984e-02, -5.7886e-02],
          [ 4.0110e-02,  4.3432e-03, -3.1456e-02, -3.7388e-02, -1.8680e-02],
          [-5.2043e-02,  1.3083e-02, -4.4687e-02,  2.4835e-02, -3.0128e-02]],

         [[-2.0298e-02, -6.3427e-02, -1.8915e-02, -8.1155e-03,  3.8844e-02],
          [ 1.2495e-02,  4.2100e-02,  4.9934e-02, -3.5133e-02, -3.3677e-02],
          [-1.9996e-02, -5.7898e-02, -3.0755e-02, -5.9584e-02, -6.4262e-02],
          [ 8.2350e-06, -6.4717e-02, -5.7460e-02, -5.1694e-02, -1.2119e-02],
          [ 4.5600e-02, -2.7346e-02, -2.6289e-02, -5.5733e-02, -3.0180e-02]],

         [[ 3.2145e-02, -5.5804e-02, -4.9445e-02, -1.0372e-04, -7.2675e-02],
          [-4.2948e-02, -3.3390e-02, -2.6748e-02, -5.3678e-02,  4.1046e-03],
          [ 1.9004e-02, -4.7528e-02, -5.5196e-02, -2.0774e-02, -3.6255e-02],
          [-5.5225e-02, -9.2193e-02, -1.9698e-02,  1.5314e-02,  1.0125e-02],
          [ 2.8368e-02,  1.8912e-02,  1.9762e-03,  5.0724e-02, -1.2228e-02]],

         ...,

         [[ 1.1779e-03, -7.6252e-02,  2.9664e-02, -3.3096e-02,  1.9188e-03],
          [ 3.3512e-02, -5.2194e-02,  6.6063e-02, -5.7719e-02, -3.3843e-02],
          [ 1.6820e-02,  2.1340e-02,  1.3963e-02, -2.8282e-02,  1.8162e-02],
          [ 3.8560e-02, -3.7358e-03, -5.2523e-02, -7.8397e-02, -9.1172e-03],
          [-5.4619e-02, -6.2330e-02, -3.5352e-02, -5.1495e-02,  7.2770e-02]],

         [[-6.5992e-02, -5.9257e-02,  2.7619e-02,  2.9658e-02,  5.1264e-03],
          [-7.4963e-02,  1.0265e-03, -3.9635e-02, -1.8575e-02, -6.2718e-02],
          [-2.5263e-02, -8.4215e-02,  6.0681e-02,  8.4963e-03, -7.7510e-03],
          [ 1.6418e-02,  1.5445e-02, -4.7924e-02, -3.8356e-03,  1.3927e-03],
          [-2.4287e-02,  4.1366e-04,  2.5385e-02, -7.9146e-02, -1.8370e-02]],

         [[ 1.1883e-02, -6.0407e-03, -3.0125e-02, -4.8689e-03,  9.5907e-03],
          [-1.6347e-02, -1.9573e-02,  1.3089e-03, -6.7656e-02,  2.5138e-02],
          [-2.1064e-02,  2.0288e-02,  1.0523e-02,  7.3692e-03,  5.5008e-02],
          [-6.7048e-02, -2.4220e-02,  4.3022e-02,  1.3436e-02, -1.5628e-02],
          [ 1.3200e-02,  2.9717e-02,  6.7661e-02,  2.1397e-02,  3.0461e-02]]],


        [[[-1.1870e-02, -5.7824e-02, -4.6706e-02, -8.0556e-02, -8.0605e-02],
          [-4.0085e-03, -3.0378e-02,  3.4609e-02,  3.3452e-02,  1.8554e-02],
          [-6.6824e-02, -5.4180e-02,  7.8002e-03, -7.4087e-02, -9.6214e-02],
          [-1.3760e-02, -6.0106e-02, -3.2667e-02, -5.6404e-02, -2.9531e-02],
          [-4.6228e-02, -5.6653e-02, -1.5299e-02, -1.5977e-02, -6.6532e-02]],

         [[-1.4091e-02, -3.2551e-02, -5.4980e-02, -4.2502e-02, -2.2686e-02],
          [-4.3871e-02, -4.9721e-02,  3.2819e-02, -3.7839e-02, -4.4160e-02],
          [-4.5254e-02, -2.7394e-02, -5.0635e-02, -9.7269e-02,  4.3587e-02],
          [-6.3445e-02, -7.7737e-02, -6.6659e-02, -3.0223e-02, -5.9423e-02],
          [-1.9602e-03, -9.7874e-02,  1.3371e-02, -1.4794e-02, -1.2539e-02]],

         [[-5.7456e-02, -7.4058e-02, -4.9343e-02, -6.9458e-03,  6.0750e-03],
          [ 1.2224e-02, -8.8709e-02, -3.4111e-02, -8.2459e-02,  1.9431e-02],
          [ 2.5740e-02, -6.7142e-02, -6.3515e-02, -2.3266e-02, -4.4630e-02],
          [ 2.1979e-02, -8.6235e-02, -1.4948e-01, -1.2938e-01, -1.1198e-01],
          [ 1.1428e-02, -1.0525e-01, -1.0346e-01, -3.1035e-02, -7.3492e-02]],

         ...,

         [[-3.9192e-02,  3.8524e-02, -5.4302e-02, -8.5936e-02,  1.0776e-02],
          [ 2.4405e-02,  2.0186e-02, -5.3730e-02, -8.4624e-02, -4.7495e-02],
          [-8.2596e-02,  1.5677e-03,  3.4903e-02, -5.0002e-02,  8.7677e-02],
          [-2.4505e-02, -7.2592e-03, -3.9741e-02, -8.7433e-02,  5.2513e-02],
          [ 3.4669e-02, -3.5538e-02, -2.3265e-02, -9.2851e-02, -1.1343e-01]],

         [[ 5.5042e-03, -2.8753e-02,  2.8266e-02, -2.2135e-03,  5.7819e-03],
          [-9.7984e-02, -7.9986e-02,  6.8863e-02, -2.0207e-02, -5.2176e-02],
          [-5.8373e-02, -1.0548e-01, -3.0103e-02,  1.9314e-02, -4.0148e-03],
          [ 8.2690e-03, -1.1471e-01, -2.0852e-02, -5.5591e-02, -3.9070e-03],
          [ 5.5026e-03,  2.3355e-02, -9.0830e-02, -5.6222e-02, -4.0206e-02]],

         [[ 1.0415e-02, -2.2674e-02,  4.2849e-02, -8.2986e-03,  5.3819e-02],
          [-7.1527e-02, -4.1558e-02, -5.6907e-02,  1.9218e-02, -6.6927e-02],
          [-1.5764e-02, -6.8483e-02, -2.0016e-02,  2.6662e-02,  7.4178e-02],
          [ 2.8291e-02,  6.3416e-02,  5.7704e-02,  1.6408e-02,  2.0876e-02],
          [ 3.1692e-02,  3.8062e-02, -6.3560e-02,  3.1665e-03, -2.7679e-02]]]],
       device='cuda:0')), ('conv2.bias', tensor([ 0.0446,  0.0027, -0.0610, -0.0361, -0.0754, -0.0482, -0.0131, -0.1116,
        -0.0061, -0.0469,  0.0291, -0.0669, -0.1074,  0.0533, -0.0280,  0.0294,
         0.0101, -0.0877, -0.0518, -0.0920], device='cuda:0')), ('fc1.weight', tensor([[-0.0038,  0.0032,  0.0683,  ...,  0.0051,  0.0380,  0.0252],
        [ 0.0717, -0.0162,  0.0043,  ..., -0.0117, -0.0144,  0.0024],
        [ 0.0358,  0.0133, -0.0146,  ..., -0.0490,  0.0063, -0.0006],
        ...,
        [ 0.0040, -0.0093, -0.1495,  ...,  0.0162,  0.1063,  0.0583],
        [-0.0213,  0.0522,  0.0521,  ...,  0.0305,  0.0377, -0.0530],
        [ 0.0133,  0.0977, -0.0193,  ..., -0.0917, -0.0717, -0.0256]],
       device='cuda:0')), ('fc1.bias', tensor([ 9.7725e-02, -2.1794e-02,  2.5179e-01,  2.5550e-01,  3.0882e-01,
        -3.9768e-02,  2.0461e-01,  1.8514e-01,  3.1286e-02, -1.2061e-01,
         2.8303e-01,  6.3159e-01, -3.9808e-02,  1.6767e-01, -5.2088e-04,
         1.0845e-01,  1.7507e-01, -6.7996e-03,  6.0124e-03,  2.2110e-01],
       device='cuda:0')), ('fc2.weight', tensor([[-1.9912e-01,  2.6352e-01, -1.0103e-01,  1.1368e-01, -5.4264e-02,
         -3.1072e-01,  1.3168e-01, -8.2012e-02,  3.0856e-01,  1.0443e-01,
         -2.3387e-01, -1.5244e-01,  3.9594e-01,  1.0650e-01,  2.0664e-02,
         -7.2191e-02, -4.1162e-01, -2.5590e-01,  7.5025e-02, -2.0403e-01],
        [ 2.9354e-02, -2.3255e-01, -2.0893e-01,  1.0720e-01, -5.2861e-02,
         -2.5966e-01, -4.8338e-02, -2.0138e-01, -1.0946e-01, -9.2467e-03,
          2.1060e-01,  6.9450e-01, -1.0657e-02,  4.1690e-02, -4.1108e-02,
         -1.4935e-01, -1.3685e-01, -1.7449e-01, -1.4704e-01, -6.6164e-02],
        [ 1.4433e-01, -2.5678e-01, -2.4685e-01, -3.8016e-02,  3.2123e-01,
          1.3491e-01, -9.3051e-02,  3.9526e-01,  1.5338e-01,  8.6273e-03,
          1.1208e-01,  1.4486e-01, -4.3159e-01, -3.4847e-02,  1.1897e-01,
         -2.7725e-02, -1.0758e-01,  2.3729e-01, -1.1332e-01, -3.8597e-01],
        [-3.2605e-01, -7.7491e-02, -2.5270e-01, -1.3801e-02, -1.2089e-01,
         -1.8592e-01,  2.9929e-01, -2.1625e-01, -3.4153e-01, -2.2435e-01,
         -1.9435e-01, -6.7348e-02, -2.5767e-01, -1.5979e-01,  2.5190e-01,
          5.5041e-01,  2.1228e-01, -1.7334e-04,  1.7097e-01,  1.8840e-01],
        [-3.0635e-01, -4.8568e-02, -1.7558e-01,  4.5152e-01, -2.0299e-01,
          5.1360e-02, -3.2773e-01, -2.8510e-01,  2.8420e-01,  8.1512e-02,
          2.9358e-01, -2.1114e-01, -3.2930e-02,  1.4038e-01,  1.5202e-01,
         -3.2463e-01,  1.2005e-01,  4.1403e-01,  3.1301e-01,  4.0482e-03],
        [ 5.5147e-03, -3.2700e-01,  5.9452e-01,  2.0824e-01,  5.8132e-01,
         -7.3239e-02, -1.3302e-02, -3.3276e-01, -3.5648e-01, -9.7443e-02,
         -2.7217e-01,  8.6819e-02,  5.0281e-02,  6.4789e-02, -9.5005e-02,
         -5.8370e-02,  2.6174e-01,  9.1615e-02, -2.2463e-01,  7.8472e-02],
        [ 2.1870e-02,  2.9321e-01, -9.4333e-02, -2.7871e-01,  5.0558e-03,
         -2.5037e-01, -2.4542e-01,  3.0649e-01, -2.1064e-01,  1.2057e-01,
         -7.1935e-02, -9.1945e-02,  3.4555e-01,  2.7184e-02, -2.7618e-01,
         -3.1935e-01,  2.1620e-03,  3.7172e-01, -1.2222e-01, -6.1269e-03],
        [-5.4582e-02, -6.7711e-02,  4.9699e-02,  4.5510e-01,  1.1707e-01,
          1.1224e-01,  4.3038e-01,  8.1988e-02, -9.8984e-02,  5.2778e-02,
          3.1908e-01,  4.1751e-01, -2.5988e-01,  4.7290e-01, -1.1234e-01,
         -6.6978e-02, -2.2601e-01, -1.2816e-01,  1.5295e-01,  2.3011e-01],
        [ 2.1470e-01,  2.1832e-01,  2.4776e-01, -1.4681e-01, -2.1091e-01,
          3.5602e-02, -3.6559e-02, -1.1000e-01,  1.7956e-01,  4.0512e-02,
          1.0690e-01, -1.3628e-02,  9.6777e-02, -1.5524e-01,  1.4390e-01,
         -3.7935e-02,  3.4503e-01, -2.3548e-01,  8.3917e-02,  4.6439e-01],
        [-1.0439e-01, -2.9783e-01, -8.2609e-02,  3.2043e-01, -2.8971e-01,
          2.9898e-01,  3.9169e-01,  1.0019e-01, -1.9448e-02, -1.6001e-01,
         -2.3207e-01,  1.5328e-02,  1.0002e-01, -2.6225e-02, -1.7019e-01,
         -2.8765e-01,  3.4301e-01, -1.8253e-01,  1.9760e-01, -5.7969e-02]],
       device='cuda:0')), ('fc2.bias', tensor([-0.2771,  0.1113,  0.0464, -0.2512, -0.1943,  0.2058, -0.2971,  0.7228,
         0.3266, -0.1974], device='cuda:0'))])]
